2
3
5
7
9
11
13
15
17
19
21
23
25
27
31
35
43
49
75
93
95
131
147
195
263
271
315
355
1325
1953
5189
9765
19313
32893
50591
55793
67517
95327
262631
346217
556501
607653
694559
1048597
1099117
5538053
7525373
12234163
12424137
13775477
17274017
19595699
28270283
29435983
40097067
48959385
49313689
50930063
54331657
56357753
62715277
68568713
84810849
88121771
114532661
165788141
228463507
246568445
281338417
594183773
786591931
1580181431
1668998641
1867186631
2796372413
2822187465
4089929267
5006995923
5903938589
7724389049
8912756595
9414045959
9473275639
11092687007
12097551931
23173167147
28629504869
38349897631
38484064999
48936619493
51173274699
56430970853
60487759655
78355519051
80924260873
104864749713
112174833191
115865835735
234729056189
302438798275
319965810511
366324786103
560874165955
586053966671
651948259727
744490128079
758977878343
818132470861
1454464397443
1574316932809
2295057759311
2661673385699
4544102765009
5211430896553
6989988118843
15474695863427
25161206052923
34425866389665
37144235740707
70366959820583
77026732317263
82511874956669
163403913964079
181671389813899
273171882040349
424294158817079
460983004905023
464219356969459
1060548289860589
1180296582561861
1237678124350035
1382949014715069
2573442829612177
3902677929095573
5777369145600523
6387543598889363
7059250988108699
9772725913838547
17001124745818979
18988156950973201
19537361435813101
35296254940543495
47612966217897303
49912940749208063
51784006870886437
69562464879037993
94953870323080139
105230442954800143
130626954498234689
270887456726015783
308925423168094027
901240202532121883
2413538796498289723
5234146756551871133
13858074656818535417
14969494255492459409
18488240440428461611
41904796099662619829
74075963393029028909
99448788374485551527
124722671911366818753
145443157701123393781
314300087487283847387
410415291253611271973
1061079979421613159451
2077805401585362357791
3013513693972074005017
19354015044006640733705
24976406169029623821077
25312877967215263537169
44908836406214097676481
46043223153296179349711
46604863629298621602511
96770075220033203668525
428223375890650020331193
1506601846893058058652169
2015223865332269585310293
3332431264662950052212693
17565078353888133202542673
18897219909412193628222005
24693253419349851363407551
34014995836941948530799609
68224231549787331536274677
99594167445638626363851931
170074979184709742653998045
1298539276634142987555474743
3004869771583950034961031481
5149622145958897195852987499
26684674050257388254625951647
40383741685917789934326954889
79505051873425600355704675501
131224369485807524424335622209
161365322568329688293388063737
173297741511130801825263782531
501073126975745520869197456573
1230940441114944154074474137047
1609397104148965849700544971573
2298257750902643513834909073079
2850809297215988044431817625021
102039667743232377018121040856333
6504220885489704554966248493383781
19674469538633662891838083038310177
24463026450148952284697976321371867
50240452630601123913849807730570657
51364075672134504280162225978951027
201265413594481461362159450636255507
230561605525245550298717213881008439
259547268142248930064373476846436297
698225646938987668521752591471888923
1056180288439799149966247519259615221
1207553142685778828505209347410873071
2259864614896157251149056187655145909
32654343702003719463488886754105759447
73157512368826052393125769431739302459
268096620753598537265152880052986931161
47340070201937515655008959343279561703343319
89950888547907143533114884058452512399732205543161
12634525328585003769416217070459010536534581067433046681397
35872011615213920177923032254365901554725242399272730220066769
15830679186587315255188145235277630221538452488132921029818542123
1640569007943886010679567725000205572847599063815227217375018855678746679
24402320415753839522038936745039592429894413102757236423786737329071974933
1220018134356565338838657058361422544297337859505768062442729863157259399571
2221180086209165458341818830037256079741328266459798208142753291279763808711
6136830248401530511024103780339126355574572363948341141513774907447274833997
2875981489525281691475149100108995101822496340109538721753341258688700462367577
4288332423100110096419900247006144779729075728361900215396565886869184295348327309
10065007585766713211131073556929941067412910033169741906796227447640936513725189477
535558412384609582539301885621300554539828295070269245784195978184738369778236035277
2115979526157937182723486296865252173182839209710645887522060741038481669703439602005527449
2852006144271708380640729364370307527944528245111547959828727389697041935213566385698526269
8028184578818982149898519794473635593692131104839178195337483021684609180219800724932491243
13068755438666534905041829489815822785464043114210537775454909510091684116629483396211713193
30787954557977816497685128000340596766066878761190154558102760840141619907926833408135307721
60894692853098607629689628278819105984399705078780024731502856485957188183528727881131940973
648960715058940196031212550461848635582488783757310646623429744623885175855386930817534944719
19486623221086955152753986304312584567780264271161261370992887719965506642768733421610044330781
40975517890728484485725756279784884821404062183991521312237619929541587379753991228010303953283
779067311288602158098283712481109804806534461334408113048515533908591150989859089852370449467791
877537968963028569807518301369247396718922335633236088375382593487363422904968472169722418187723
6834726549613351506579049853093737217762741987163231981307060557004208091268311076652832508590737
8195878150882451442411275530077576034278876386853299457257470477282087761163969880910561278737543
8270708591423978335718831120546527045104721875503748658385367506061178198447054696043947632463591
55217967503252892156425815875813939376858282030999913090812395812451288413252836420976770083099217
6550724496911671928759733204056910578777526783014711525317351015985918207393823623418738980015254693
23712359735879038507778477734368560666007593932359400668090624054936971456342678870041437108530390077
144967613652156857146869480773189416235331539518691049444271358236954759779284143102279903957201583351
151538304515310691005582743190404118253968299213038265307073616820365908272039786114357493493781311347
190416200877994482320322544982206373920894620404465023135341797762967793626490038110446504756581594757
482666772045287192713445075616979048158443945685122690134407720170477377248778042825467857464051666591
4623168541928275054553248847281240626071804023042631287874649821556991395300718145399040102590327383757
25188625335274578090876783057691708481789561521666623901687093314490815728435287536201260964396300817781
109759602073233313608490160660751595596763901455322944456765311074955595164765065686492682750177865324383
425653179543753012889036771928610698541381138208225578190362667968556887277217720839482301395341585054239
659370524836910566863061902720870438602058595219046377124900438319992383837703103419677220656825257620983
1576904493874482376409433092359673937204642435531367603445046339501536248996090695048424366779889631441717
8641949841509501586328991566438930464717750967941932757648655423625496986260385114766235232962115290691537
45022569927108184338038368308661516769048699337836787849496874362466555509808227802003235411999849169691779
351811119620312576998451779494173064593636993452313173219145729333168474687993938201090125704732474673928879
388967505540143852347648276816734396305671220604653107531971779000872189236700517580676094569947187273570199
937949005515067198803766194296331263001117098031212028101841349392700657381768660957175305752620552280530701
3540161923354664385400975579062760627702313524060728306294201689796916946272728497517448733039553195587325119
6333555600240737178684632845484438478630146634261836088493270238588425622915256424280959233153430016765343101
15506544386826684153288191271946947540722092963502685116472832255828367553839961651266453593380773921043037369
16232252824266820373451506148988561689145824394670859060678570237998627020550031794663949224242116915007032451
25680644654377700466554055665360428763671714958613761792254951216224357149474252092171283431682095034809534583
42020696274225125050559202592417238424248894498840684498843760136605366868320638168321949973649572998786988319
110271743453835874869498508027335222087799995494140647513381089118021899470417843128502575632013370178574594637
135570275468215576430919159557879440008734745582729292906478365044169264597856956830417791891401881320152378501
289256465158390727964806512450232556584819166714757384762374169353503858146337934779866950548886815623021908817
18510221297821976336555987767252200662348144385276179326329869699353901285892006362197226333427280676259792745921
39059451775721644553348654033785623921349148098370311291448353780420895309424949358082526905697297286760502593943
98896002135882965468135861800303534601469756030304361438882235459674887781330799857084462576150376265295191010609
1668566664785810420783098379645111993975325672921492171873379629581972176924980422558416588532249095631458923554891
7843007818217553495855531235069828526494012384317418339185415670618612780240047437891719512945260161294693165544251
26753373288941333698680942767911838939040550784666169273482838529848791434461718387572456949971543993624460995947399
46385189199108923289880535316684308231442398630386173711181929192639597123051560199932722793528227297498861319096849
94915196157349145657926077013357930835832363471576060111658869583903662073490786706172286974242677666695982318096921
104933159396387456482608732467515999386005486591629430148026136012983457314910940496428925215319706127842894384468299
1580360827013248215564850232045270285102248915761849967196045585900905141732882909277422392782305524578538994401845053
7027646433017781743751568046163687209190271354307600325679366854627644330119289331827606416299314729763839287272463271
16590557640645489462362092255205606682673374560513788053170899074640728185380475281824564344733413161825786294573283309
39269908169872415480783042290993786052464617492188822762186807403847705078577612482850435316776463349776851081416028833
45467025035198721271124188763961255858975497699450941564069095687294628780992414772835334498948870259623862916675407733
78539816339744830961566084581987572104929234984377645524373614807695410157155224965700870633552926699553702162832057666
80553657784353672781093420084089817543517164086541174896793451084815805289389974323795764752361976102106361192648264273
107743724510900149670716352456589432546836675891109318570865433569098791324378581448887909294028672466113130648458669657
157079632679489661923132169163975144209858469968755291048747229615390820314310449931401741267105853399107404325664115332
180121487231631543922313960711118783103974196857417563342984104069109845504385112013861344719234787945741011119755043067
314707228870264361071994089302618103183709817171141668433066336228905913273506251089408208164524507766253573782332091697
318531498788276946636728331486162278814425077727921127638103143359221858892589540262140480439631789459327215057190540607
1047197551196597746154214461093167628065723133125035273658314864102605468762069666209344941780705689327382695504427435549
1060260477788613898758424513169319782062237910405198001928011349701413934483418044682620298420623970851706328558136972277
1208304866765305091716401301261347263152757461298117623451901766272237079340849614856936471285429641531595417889723964095
2459155546222838358505061545469920621858756976089348865897004463173031551189122409443625163226725350308588264737181766997
4228910073046500175520593267155537516787779921202555092454219470367427921906697396773890553807547872771643893826271604947
5193765931336002030116258871514825463735666933712137368422666855849872865135475976206470438406778628412648037449093892461
6350181752002677815648623222022956384180601967410530922973549785168119849178687041794370949805917113276588020441144899663
8923659334178744370465482094288360127254518546016062302325990014051665678471074083644932892297462818554889091694814738101
11131764606536487605236540809593252460276126268511740487710459702958876285300944735887822481495278939530503819714479196183
15707963267948966192313216916397514420985846996875529104874722961539082031431044993140174126710585339910740432566411533235
22040209521381192085296726747799031587922380078566006883098221358074845924959193168001993112298198598556182309241244533007
92103315906531193434049170805192836670160431983343755578426764985060176846821170646040711813884519574202671252424901269297
104719755119659774615421446109316762806572313312503527365831486410260546876206966620934494178070568932738269550442743554903
349065850398865915384738153697722542688574377708345091219438288034201822920689888736448313926901896442460898501475811849677
566826333141499238884951085101433366524887945572885171278439805165718405642193829721382393751868830077774657079751829899981
1497925977121906239771889600447313892783204624981559755956647773202613187209814877359824069283294541620639326091824010649033
2247208865148827584744222774436786907015402688308481705294748955104820202825655441573119221926615274373289536437196051614077
4137874141462628800733547151290010329599785203273670478784898319914936569499162226215053926951177532599715992484649003507301
7496600567677241407033655869984922713719784170172396724500416010398096070578977312943210144676509900775385624176139045629691
8767375629028371823127807718576087706511313006573900055830602757681592425499685432484493148887133965823823013903439587065227
13089969389957471826927680763664595350821539164062940920728935801282568359525870827616811772258821116592283693805342944362891
15707963267948966192313216916397514420985846996875529104874722961539082031431044993140174126710585339910740432566411533235469
39269908169872415480783042290993786052464617492188822762186807403847705078577612482850435316776463349776851081416028833088673
45047019052766526008565777919265918562788513571566288798854649838705303448487759814585325980751234616295222557359662881417659
69768701743306130933462767624869627881746305405889194085679192173487915905938600295218094588249790781702736067509030217074223
78539816339744830961566084581987572104929234984377645524373614807695410157155224965700870633552926699553702162832057666177346
157079632679489661923132169163975144209858469968755291048747229615390820314310449931401741267105853399107404325664115332354692
157950272946502586980768516406375176862154326413404826256521424825630308084931203631639886620478241035870625248299221570280011
165813429974334627215138893483615592925173271176212305553022481430396834159203387591202909436535876351594253791630980887955869
221238919266886847779059393188697386211068267561627170491193281148437775090578098494932029953670216055080851162907204693457313
536058593961096079841850040059397723689939276584575365725354358968827225308015118322952084824746084698981775712974970570036513
657563115591150177035793637837459288773273786648582571072592680711488464429640660444422412617695018136743028370098849852184091
785398163397448309615660845819875721049292349843776455243736148076954101571552249657008706335529266995537021628320576661773461
1570796326794896619231321691639751442098584699687552910487472296153908203143104499314017412671058533991074043256641153323546922
11945219215170316496055678263420163057783914066065041144391424305352914092342999994783402377726680866852274093206396603220889143
15707963267948966192313216916397514420985846996875529104874722961539082031431044993140174126710585339910740432566411533235469223
53999132930184206546442182236457786167576046697925089765667739505008042872318353471022666803641179334787566970964615160696863451
78539816339744830961566084581987572104929234984377645524373614807695410157155224965700870633552926699553702162832057666177346115
157079632679489661923132169163975144209858469968755291048747229615390820314310449931401741267105853399107404325664115332354692230
253829537080943107817373378397933126845987962118958148263421147616078426560948804344821536011387158072181378213914542729367823501
698131700797731830769476307395445085377148755416690182438876576068403645841379777472896627853803792884921797002951623699354187691
1461205885390601506261694596874187387998683441569816660918578880143170421528469301687458058298659101387045621634084793789345974237
3490658503988659153847381536977225426885743777083450912194382880342018229206898887364483139269018964424608985014758118496770938455
7306029426953007531308472984370936939993417207849083304592894400715852107642346508437290291493295506935228108170423968946729871185
9760153803840221516712852360614761538191252257302253242662826235086683752993634617350679394169821083864425144305164020965457874887
20091583717836980552191013332870375426959406710396052032627138591013008410032329661535325680548517190920765973822631305017785499329
32310021332806722634264553621366368622835472603552953822832751455882896033039807194226425508294581869157700760393204384369066952923
53359382179060247027845607754895390258061683798873735919345413193676876279453338061408558552170568700514498781588326165112233986153
62831853071795864769252867665590057683943387987502116419498891846156328125724179972560696506842341359642961730265646132941876892191
77388974335997939850412478306585868207227044687706189213221024664948786390366272434207694669915654327318113938444059328874577002911
160320520007466599607528334828959297864147096736641332415595105451855348782720585707508307069940044903840791109992162394773151221069
202326563033478966131680528608265472378968631979686056875347776814047857948947301404770813163674312362366233137769216086870049194397
370423441179063451948540614571551203808509144788198715116617284695241808779229293958374927403700093602664923978450245987644086030733
606672376941158001642831246544146815270937339949080968576215593965997966437270647745563173185279953545484319509395750679537715059213
897597901025655210989326680937000824056334114107173091707127026373661830367488285322295664383462019423470881860937801899169669888443
1570796326794896619231321691639751442098584699687552910487472296153908203143104499314017412671058533991074043256641153323546922304775
1649546805807330524292143986769347939807417917038290410386372204868348650285272797431895913686147612199192736800687055289073741399301
4487989505128276054946633404685004120281670570535865458535635131868309151837441426611478321917310097117354409304689009495848349442215
4532073854794020461487025761128987934862953544025662359575981402009058799013508060342413433027262608445169085884898839638454946234841
5817764173314431923078969228295375711476239628472418186990638133903363715344831478940805232115031607374348308357930197494618230758427
6283185307179586476925286766559005768394338798750211641949889184615632812572417997256069650684234135964296173026564613294187689219101
29432556002679474939921576427805592695402354913630672657271230751832543249085336706030348371776282071634468029486533897953643335990293
36577564159361422805967509695850885239622169489676453602880325247674665566430535750155132792237521574700576268789939845642228229780737
140031082027133746881804328266509545167609243241415511140224833976406621812732096752115010031319756223115277505707483688835443494533067
157079632679489661923132169163975144209858469968755291048747229615390820314310449931401741267105853399107404325664115332354692230477529
278988359307794945834907975544601064579581750960302923044846661504341271966390366985067212196227819018821779878343110461074574062948617
299050060121405435617143766661161752058703028143584137152025521768928306853171274395257492959905444138558289626251499884542746725400903
1570796326794896619231321691639751442098584699687552910487472296153908203143104499314017412671058533991074043256641153323546922304775291
6654244153556078688869266360369738276501441212056639075813240127636019964651410541160984981390076148950976663217568368460842014411678861
14803750492504118933568397901309071255416281656213384834369872486761407226174389934180416236708890078965146321203415446068262460712000937
15707963267948966192313216916397514420985846996875529104874722961539082031431044993140174126710585339910740432566411533235469223047752911
240501102215641807877254236133175962506376790597986059059018843549488858952057109418147409547891051088677704450510080548438208033844575499
2271661948605574695854408187957670488380322834460964988301280078202657702640303381320994764282969193310469787443630214851553905880918312949
2371013323463994896952938402475096516375222188207627034698071390420993514178270942360781000258201560741243838877948910677051958195887231873
2847216300894708799237177747639267842883092887447067183149242295095229167040342323453773590790493744014666869293895826715566897509148386633
10471975511965977461542144610931676280657231331250352736583148641026054687620696662093449417807056893273826955044274355490312815365168607439
15803877633461549675757375458349254379786949182944788343120655947309541531366569960895648251776547276393060975348239009714989885260997314299
78539816339744830961566084581987572104929234984377645524373614807695410157155224965700870633552926699553702162832057666177346115238764555793
115925928176745137950651047353487191298788538722328628080256258018738612778088892938303868093805057859119855590896026075538518251274929233643
157079632679489661923132169163975144209858469968755291048747229615390820314310449931401741267105853399107404325664115332354692230477529111586
675611323352643707196267394253656534235950408467764692682783783292003528233593333038287059213358509243472706777049958418729859055817329512199
676747448468952723291878204574755680999391314031122989598469041126409736536821276124370102749347641068493046396600555359237124664281328638229
923590485987321515052093727622013286213433848668242844701793909445784652092747746776675180005417870505234585617008652725299068911901283195803
3378056616763218535981336971268282671179752042338823463413918916460017641167966665191435296066792546217363533885249792093649295279086647560995
6100627511195398156964694433919142714311904344916703877153208737712656976995234226847525794434189331141793981404750890275449325256257945960481
13659098493868666254185406014258708192161606084239590525978019966555723505592213037513194892791813339052817767449053507161277585258915574920545
20943951023931954923084289221863352561314462662500705473166297282052109375241393324186898835614113786547653910088548710980625630730337214878169
84072635839911083084952064853555894840378017249059647821310617567644847330563060367441500775901203094557470476528913060545577152790645657570679
129251096167952484331626906444940734440427735869612501747499995569338767614337829263906984139883990862472006495207063350592107856356776903583351
149599650170942535164887780156166804009389019017862181951187837728943638394581380887049277397243669903911813643489633649861611648073837249129779
158854739075818488035839858074037670757976401469334219349445675370248120916681819252456389950974017459810308638514329859941623912727915935414969
195874217781926121832218013806315489621545722993598622872774247572011713867139521615635554175453597889226416891869067795351081701907933953855363
203928724423229162774635993216331380970348113380689389878010987934314569731799106527333837719209870978312556949372261798758089957501572531621949
448798950512827605494663340468500412028167057053586545853563513186830915183744142661147832191731009711735440930468900949584834944221511747389337
826734908839419273279642995599869180051886684046080479203932787449425370075318157533693375090030807363723180661390080696603643318302784797822463
955094595685949362618989871182167295229127595347066494687302645641266046358255251460199685447395211133720878762436477866747893050056419977419317
1015074118844123582473717541564664031209188712412060251466460322391339231567677831346905851155431948373108455101602808341221667077234967904884081
1047197551196597746154214461093167628065723133125035273658314864102605468762069666209344941780705689327382695504427435549031281536516860743908453
4136252746516266058797439418537134288084209107934501517606354628128318068632043706221319024151769127015256543719040777286888389225284315364303857
9125674915571425505174650329902235941380884124725529624623559449509341253334438714838413090805078651315665842259692181471525816310705183435664353
15707963267948966192313216916397514420985846996875529104874722961539082031431044993140174126710585339910740432566411533235469223047752911158626797
18724976406509085702506798269971107132895009947667608605683025701889145724514571605130681909626130605836585018561005244669149853384752329968790199
78539816339744830961566084581987572104929234984377645524373614807695410157155224965700870633552926699553702162832057666177346115238764555793133985
157079632679489661923132169163975144209858469968755291048747229615390820314310449931401741267105853399107404325664115332354692230477529111586267970
196349540849362077403915211454968930262323087460944113810934037019238525392888062414252176583882316748884255407080144165443365288096911389482834963
392699081698724154807830422909937860524646174921888227621868074038477050785776124828504353167764633497768510814160288330886730576193822778965669926
740558606247613982265010260590230235049869287085752391742244923861158843273379154811134312127271745998017782867435705156910431908779642443972276439
785398163397448309615660845819875721049292349843776455243736148076954101571552249657008706335529266995537021628320576661773461152387645557931339852
1570796326794896619231321691639751442098584699687552910487472296153908203143104499314017412671058533991074043256641153323546922304775291115862679704
3067961575771282459436175178983889535348798241577251778295844328425601959263875975222690259123161199201316490735627252585052582626514240460669296297
6135923151542564918872350357967779070697596483154503556591688656851203918527751950445380518246322398402632981471254505170105165253028480921338592594
8726646259971647884618453842443063567214359442708627280485957200855045573017247218411207848172547411061522462536895296241927346137640506199237109467
11299356550818107348554268155005312931700802494324615885665433080566969096600967051948568750240623110873932273675939429851703032816432938526614817889
12271846303085129837744700715935558141395192966309007113183377313702407837055503900890761036492644796805265962942509010340210330506056961842677185188
24543692606170259675489401431871116282790385932618014226366754627404815674111007801781522072985289593610531925885018020680420661012113923685354370376
49087385212340519350978802863742232565580771865236028452733509254809631348222015603563044145970579187221063851770036041360841322024227847370708740752
50180201493126458904530693541010651515991116658032877031042133972697431813367502765393171480467621881960822210280447485903064234540783736454232435571
56452596735491818315917552408342534590183474951080156567103106594737770575186908893749244392051713617444498509675316066765268069770774575997623713311
78539816339744830961566084581987572104929234984377645524373614807695410157155224965700870633552926699553702162832057666177346115238764555793133985203
98174770424681038701957605727484465131161543730472056905467018509619262696444031207126088291941158374442127703540072082721682644048455694741417481504
153999639881852609728560950160759945303782813694858128479163950603324333641480833266080138497162601371673925809474622874857541402428950109398301931771
157079632679489661923132169163975144209858469968755291048747229615390820314310449931401741267105853399107404325664115332354692230477529111586267970406
196349540849362077403915211454968930262323087460944113810934037019238525392888062414252176583882316748884255407080144165443365288096911389482834963008
392699081698724154807830422909937860524646174921888227621868074038477050785776124828504353167764633497768510814160288330886730576193822778965669926016
785398163397448309615660845819875721049292349843776455243736148076954101571552249657008706335529266995537021628320576661773461152387645557931339852032
1570796326794896619231321691639751442098584699687552910487472296153908203143104499314017412671058533991074043256641153323546922304775291115862679704064
1784995825903291612762865558681535729657482613281310125553945791083986594480800567402292514398930152262584140064364946958576048073608285358934863300073
2617993877991494365385536152732919070164307832812588184145787160256513671905174165523362354451764223318456738761068588872578203841292151859771132840107
7853981633974483096156608458198757210492923498437764552437361480769541015715522496570087063355292669955370216283205766617734611523876455579313398520321
15707963267948966192313216916397514420985846996875529104874722961539082031431044993140174126710585339910740432566411533235469223047752911158626797040642
19634954084936207740391521145496893026232308746094411381093403701923852539288806241425217658388231674888425540708014416544336528809691138948283496300803
39269908169872415480783042290993786052464617492188822762186807403847705078577612482850435316776463349776851081416028833088673057619382277896566992601606
78539816339744830961566084581987572104929234984377645524373614807695410157155224965700870633552926699553702162832057666177346115238764555793133985203212
157079632679489661923132169163975144209858469968755291048747229615390820314310449931401741267105853399107404325664115332354692230477529111586267970406424
160799228898487500630407122220975496976681283462567487312815201844899433977785722627762978501081323850727049878571911246610826954945980003252769230529601
298544087183896797180014739347716119739044868247402166416004392061447133653247431833647414730728460528006147297401811939862657589669089818525815112256133
473736033627066431498053196591350717328625061212174672519994146069201717854808595541829922766025385974704319549804576590175687627975541120236905154773477
1047197551196597746154214461093167628065723133125035273658314864102605468762069666209344941780705689327382695504427435549031281536516860743908453136042827
2855993321445266580420584893890457167451972181250096200886313265734378551169280907843668023038288243620134624102983915133721676917773256574295781280116801
21371378595848933594983968593738114858484145573980311707312548246991948342083054412435611056749095700558830520498519092837373092581976749875682717062098511
64114135787546800784951905781214344575452436721940935121937644740975845026249163237306833170247287101676491561495557278512119277745930249627048151186295533
613912764439752477850829943283771495382832427746389476956725526889817930486123607734770818978992202326275458534591270255478290044842178379530121656662612073
1047197551196597746154214461093167628065723133125035273658314864102605468762069666209344941780705689327382695504427435549031281536516860743908453136042827039
15707963267948966192313216916397514420985846996875529104874722961539082031431044993140174126710585339910740432566411533235469223047752911158626797040642405587
20943951023931954923084289221863352561314462662500705473166297282052109375241393324186898835614113786547653910088548710980625630730337214878169062720856540783
60282726873875250534457307477726439257870612092235662566192864247024448446225042273311386178087107507091971271896602454987357334680668788262509871128430319881
62831853071795864769252867665590057683943387987502116419498891846156328125724179972560696506842341359642961730265646132941876892191011644634507188162569622349
104719755119659774615421446109316762806572313312503527365831486410260546876206966620934494178070568932738269550442743554903128153651686074390845313604282703915
523598775598298873077107230546583814032861566562517636829157432051302734381034833104672470890352844663691347752213717774515640768258430371954226568021413519575
1429329369624139896462864025834464882133068887407502754744486899973567673588315049817775695797777516470098377552300228154992267622028247924466997523343432116741
1570796326794896619231321691639751442098584699687552910487472296153908203143104499314017412671058533991074043256641153323546922304775291115862679704064240558725
15707963267948966192313216916397514420985846996875529104874722961539082031431044993140174126710585339910740432566411533235469223047752911158626797040642405587251
16085983889348659695149223672706107957998819249232492682923423411714369719847460310435406171746631172463635875644046629017377596567079274099976238648891352367897
16825273925120521272962367216517966190371515140604634186538070774714198380987706411165038088482956088507620031868588859059230510362145915727292712220198416349149
78539816339744830961566084581987572104929234984377645524373614807695410157155224965700870633552926699553702162832057666177346115238764555793133985203212027936257
112601887225440617866044565708942755705991734744627448780463963882000588038932222173047843202226418207245451129508326403121643175969554918699833670542239466575279
157079632679489661923132169163975144209858469968755291048747229615390820314310449931401741267105853399107404325664115332354692230477529111586267970406424055872514
302716578684697748936465926313307273482093794505213511367791924485239584340548178707654155457902974367137028956762604225004224764843956661372649779160578253753159
785398163397448309615660845819875721049292349843776455243736148076954101571552249657008706335529266995537021628320576661773461152387645557931339852032120279362571
1570796326794896619231321691639751442098584699687552910487472296153908203143104499314017412671058533991074043256641153323546922304775291115862679704064240558725142
3490658503988659153847381536977225426885743777083450912194382880342018229206898887364483139269018964424608985014758118496770938455056202479694843786809423463833649
5067084925144827803972005456902424006769628063508235195120878374690026461751949997787152944100188819326045300827874688140473942918629971341492515174400775995887555
9074056599155423443859323439575476895118291127746776793094921948684831785516623963086835208386985815203031874556368712821998470928783341753077865639551151784719653
31415926535897932384626433832795028841971693993751058209749445923078164062862089986280348253421170679821480865132823066470938446095505822317253594081284811174502841
157079632679489661923132169163975144209858469968755291048747229615390820314310449931401741267105853399107404325664115332354692230477529111586267970406424055872514205
1570796326794896619231321691639751442098584699687552910487472296153908203143104499314017412671058533991074043256641153323546922304775291115862679704064240558725142051
3490658503988659153847381536977225426885743777083450912194382880342018229206898887364483139269018964424608985014758118496770938455056202479694843786809423463833649003
17453292519943295769236907684886127134428718885417254560971914401710091146034494436822415696345094822123044925073790592483854692275281012398474218934047117319168245015
31415926535897932384626433832795028841971693993751058209749445923078164062862089986280348253421170679821480865132823066470938446095505822317253594081284811174502841027
157079632679489661923132169163975144209858469968755291048747229615390820314310449931401741267105853399107404325664115332354692230477529111586267970406424055872514205135
3996937218307624985321429240813616901014210431774943792588988030925975071610952924463148632750785073768636242383310822706226265406552903602704019603216897095992727866033
44879895051282760549466334046850041202816705705358654585356351318683091518374414266114783219173100971173544093046890094958483494422151174738933705830406873106432630038599
523598775598298873077107230546583814032861566562517636829157432051302734381034833104672470890352844663691347752213717774515640768258430371954226568021413519575047350450323
1570796326794896619231321691639751442098584699687552910487472296153908203143104499314017412671058533991074043256641153323546922304775291115862679704064240558725142051350969
